NbProcess	Error	Estimation	Ntot	Time	Total
1-------------------
1	5.714765114933824E-4	3.143388	1000000	26	785847
1	2.811778952937576E-4	3.142476	1000000	18	785619
1	4.899891806303917E-4	3.143132	1000000	20	785783
1	7.000737055116563E-4	3.143792	1000000	19	785948
1	7.853807550089623E-4	3.14406	1000000	18	786015
1	2.0223704352016926E-4	3.142228	1000000	20	785557
1	5.963421450982978E-5	3.14178	1000000	18	785445
1	3.034970498092709E-5	3.141688	1000000	19	785422
1	2.8414046256865455E-4	3.1407	1000000	18	785175
2-------------------
2	3.3529057594507383E-4	3.142646	2000000	158	1571323
2	2.926370511964209E-4	3.142512	2000000	56	1571256
2	1.7464186172139174E-4	3.141044	2000000	18	1570522
2	2.3088493327675673E-4	3.142318	2000000	18	1571159
2	3.7008413183827566E-4	3.14043	2000000	19	1570215
2	5.390463655856883E-5	3.141762	2000000	18	1570881
2	3.777235691066236E-4	3.140406	2000000	18	1570203
2	1.6254608604641328E-4	3.141082	2000000	18	1570541
2	1.1034326471218405E-4	3.141246	2000000	18	1570623
2	7.6822948363754E-5	3.141834	2000000	18	1570917
3-------------------
3	7.108504541620873E-5	3.1413693333333335	3000000	170	2356027
3	4.59007018375221E-4	3.143034666666667	3000000	50	2357276
3	3.9364738841206033E-4	3.1428293333333333	3000000	19	2357122
3	4.250539638488689E-4	3.142928	3000000	19	2357196
3	2.5741075712543837E-4	3.1424013333333334	3000000	24	2356801
3	4.169901133988832E-4	3.1429026666666666	3000000	19	2357177
3	5.6663322238789874E-5	3.1417706666666665	3000000	19	2356328
3	1.4324361128086754E-4	3.1420426666666668	3000000	19	2356532
3	6.907282905207559E-4	3.1394226666666665	3000000	18	2354567
3	6.642482541518501E-5	3.1418013333333334	3000000	19	2356351
4-------------------
4	1.3475534764924416E-4	3.142016	4000000	172	3142016
4	3.140241293873705E-5	3.141494	4000000	63	3141494
4	6.79477340342671E-6	3.141614	4000000	20	3141614
4	1.634406998886163E-5	3.141644	4000000	19	3141644
4	6.896297950830289E-5	3.141376	4000000	19	3141376
4	3.2319480027009537E-4	3.142608	4000000	25	3142608
4	2.4717905328791247E-5	3.141515	4000000	21	3141515
4	4.143292060177873E-4	3.140291	4000000	19	3140291
4	2.066933819267998E-4	3.142242	4000000	19	3142242
4	1.4090101378585852E-4	3.14115	4000000	20	3141150
5-------------------
5	1.0690551794151229E-4	3.1412568	5000000	219	3926571
5	3.118970846438311E-4	3.1406128	5000000	55	3925766
5	1.7524436517185577E-4	3.1421432	5000000	20	3927679
5	3.3570266326135947E-6	3.1416032	5000000	21	3927004
5	1.0496154230243276E-4	3.1419224	5000000	20	3927403
5	5.352266469520797E-5	3.1417608	5000000	20	3927201
5	1.8772211271033646E-4	3.1421824000000003	5000000	21	3927728
5	1.7651760471662755E-4	3.1421472	5000000	20	3927684
5	1.206565050246234E-4	3.1412136	5000000	20	3926517
5	9.111734758676635E-5	3.1413064	5000000	20	3926633
6-------------------
6	2.7608493711481186E-4	3.14246	6000000	217	4713690
6	2.308766082806138E-4	3.140867333333333	6000000	52	4711301
6	1.445168508256393E-4	3.142046666666667	6000000	22	4713070
6	2.119985466965644E-4	3.1422586666666668	6000000	21	4713388
6	2.1432449419900477E-4	3.140919333333333	6000000	21	4711379
6	4.052729634267562E-5	3.141465333333333	6000000	21	4712198
6	1.124278681377293E-5	3.141557333333333	6000000	21	4712336
6	2.67384466892511E-4	3.1424326666666667	6000000	22	4713649
6	8.488679881373964E-5	3.141859333333333	6000000	21	4712789
6	3.9830760841322543E-4	3.140341333333333	6000000	20	4710512
7-------------------
7	1.1298068948344653E-4	3.1412377142857144	7000000	173	5497166
7	9.45573563082745E-5	3.141889714285714	7000000	55	5498307
7	8.473522267754144E-5	3.141858857142857	7000000	22	5498253
7	2.046016312461336E-4	3.1422354285714285	7000000	29	5498912
7	1.6749579308530376E-4	3.142118857142857	7000000	22	5498708
7	3.478024398054057E-4	3.1405	7000000	22	5495875
7	1.0183301084960537E-4	3.141912571428571	7000000	23	5498347
7	4.331629725013631E-5	3.1414565714285714	7000000	21	5497549
7	7.618632859143879E-5	3.141832	7000000	20	5498206
7	1.7986440580572172E-4	3.1421577142857147	7000000	22	5498776
8-------------------
8	3.734263856431072E-4	3.1404195	8000000	169	6280839
8	3.233539552132095E-4	3.1426085	8000000	70	6285217
8	2.295503170881373E-4	3.1408715	8000000	42	6281743
8	9.792917915111865E-5	3.141285	8000000	22	6282570
8	2.0804409260601893E-7	3.141592	8000000	24	6283184
8	1.6143200144475565E-4	3.1410855	8000000	23	6282171
8	1.0015734835443392E-4	3.141278	8000000	23	6282556
8	6.158153630970143E-6	3.141612	8000000	22	6283224
8	5.0244072867509E-5	3.1417505	8000000	21	6283501
8	2.2413904902296328E-4	3.1408885	8000000	21	6281777
9-------------------
9	9.828076208361012E-6	3.141561777777778	9000000	199	7068514
9	6.500178981363013E-5	3.1413884444444444	9000000	63	7068124
9	9.839728509398867E-5	3.1419017777777776	9000000	23	7069279
9	1.8893043883445477E-4	3.1409991111111113	9000000	23	7067248
9	1.7393450641875648E-4	3.141046222222222	9000000	24	7067354
9	8.979249845226947E-6	3.1415644444444446	9000000	24	7068520
9	4.027762726921346E-6	3.14158	9000000	25	7068555
9	3.2771354921062027E-4	3.140563111111111	9000000	23	7066267
9	1.72669591870269E-4	3.142135111111111	9000000	21	7069804
9	1.58797102942418E-4	3.141093777777778	9000000	23	7067461
10-------------------
10	2.0927732349898665E-5	3.1416584	10000000	167	7854146
10	3.2132240343607575E-5	3.1416936	10000000	78	7854234
10	1.2240492406531133E-4	3.1419772	10000000	31	7854943
10	7.70775962728497E-5	3.1418348000000003	10000000	23	7854587
10	8.853675217537161E-5	3.1418708	10000000	23	7854677
10	7.736636050365525E-5	3.1413496	10000000	21	7853374
10	2.1169313247319023E-4	3.1409276	10000000	22	7852319
10	6.221480992122451E-5	3.1413972	10000000	22	7853493
10	1.4153763355817373E-4	3.1411480000000003	10000000	22	7852870
10	8.649956890387813E-5	3.1418644000000002	10000000	21	7854661
11-------------------
11	3.876201128408126E-4	3.1403749090909088	11000000	165	8636031
11	1.8290695225008294E-4	3.1421672727272725	11000000	87	8640960
11	1.1699883505960411E-4	3.1412250909090913	11000000	37	8638369
11	3.813696641666326E-4	3.140394545454545	11000000	30	8636085
11	4.0720211425238214E-5	3.141464727272727	11000000	22	8639028
11	1.2220754228808742E-4	3.1412087272727276	11000000	26	8638324
11	2.3800349982246838E-4	3.142340363636364	11000000	25	8641436
11	3.6602194859305465E-4	3.1427425454545457	11000000	22	8642542
11	1.3171937639116174E-5	3.1415512727272725	11000000	24	8639266
11	5.9587306497174304E-5	3.1414054545454544	11000000	24	8638865
12-------------------
12	2.779490089524058E-5	3.1415053333333334	12000000	164	9424516
12	7.671684506848592E-5	3.141833666666667	12000000	59	9425501
12	7.979384063493526E-5	3.1418433333333335	12000000	38	9425530
12	1.9077788761764734E-4	3.142192	12000000	37	9426576
12	2.9857883573864205E-4	3.142530666666667	12000000	37	9427592
12	8.265030461428142E-5	3.141333	12000000	34	9423999
12	4.5189809758363746E-4	3.143012333333333	12000000	27	9429037
12	2.3766721918582766E-4	3.140846	12000000	27	9422538
12	2.744933876839532E-4	3.142455	12000000	21	9427365
12	1.7539290978525933E-4	3.1421436666666662	12000000	26	9426431
13-------------------
13	1.6377035483940326E-4	3.141078153846154	13000000	189	10208504
13	3.4781394807440285E-5	3.1414833846153845	13000000	110	10209821
13	2.0363254673988636E-4	3.1409529230769233	13000000	44	10208097
13	1.165625501808389E-4	3.1412264615384613	13000000	42	10208986
13	2.574760514610532E-4	3.1424015384615385	13000000	41	10212805
13	7.618632859143879E-5	3.141832	13000000	42	10210954
13	1.4189356913289738E-5	3.141637230769231	13000000	39	10210321
13	2.5256746801981346E-5	3.141672	13000000	38	10210434
13	8.686195246644146E-5	3.141865538461538	13000000	41	10211063
13	2.956617295340785E-5	3.1416855384615383	13000000	39	10210478
14-------------------
14	1.843582066952783E-5	3.1416505714285714	14000000	169	10995777
14	1.2365997447373933E-4	3.141981142857143	14000000	46	10996934
14	2.1305957965037596E-4	3.1422619999999997	14000000	48	10997917
14	4.535574247260754E-5	3.141735142857143	14000000	47	10996073
14	7.99674070020888E-5	3.1413414285714287	14000000	48	10994695
14	7.536781745568573E-5	3.141829428571429	14000000	38	10996403
14	9.024426904184058E-5	3.1413091428571427	14000000	42	10994582
14	8.819115858469833E-5	3.1418697142857144	14000000	95	10996544
14	5.432072474392222E-5	3.141422	14000000	55	10994977
14	2.5180244008313603E-4	3.1423837142857143	14000000	44	10998343
15-------------------
15	2.4611304149931555E-4	3.1408194666666662	15000000	172	11778073
15	2.524842180569703E-5	3.1415133333333336	15000000	77	11780675
15	1.65567744631873E-4	3.1421128	15000000	41	11782923
15	2.2659836014280956E-4	3.1423045333333333	15000000	43	11783642
15	1.8678840371079005E-4	3.1421794666666667	15000000	40	11783173
15	6.201092832668997E-5	3.1417874666666665	15000000	38	11781703
15	3.704710825372701E-5	3.1414762666666665	15000000	39	11780536
15	6.472717268877553E-5	3.141796	15000000	39	11781735
15	2.8558844622103645E-5	3.1415029333333333	15000000	38	11780636
15	3.998354958669516E-4	3.140336533333333	15000000	40	11776262
16-------------------
16	3.9660269151902835E-5	3.14171725	16000000	183	12566869
16	4.620382264623186E-5	3.1414475	16000000	95	12565790
16	8.072224446955571E-5	3.14184625	16000000	45	12567385
16	1.3206791444422518E-4	3.14117775	16000000	45	12564711
16	4.2684213070647456E-5	3.14172675	16000000	41	12566907
16	2.936897591540895E-4	3.14067	16000000	40	12562680
16	7.190734595556112E-5	3.14136675	16000000	41	12565467
16	1.8743563381267445E-4	3.1421815	16000000	42	12568726
16	3.460335346037941E-4	3.14267975	16000000	40	12570719
16	1.719180268612367E-4	3.14213275	16000000	41	12568531
