NbProcess	Error	Estimation	Ntot	Time	Total
1-------------------
1	8.010382552473787E-5	3.141341	100000000	3471	78533525
1	3.133009943049324E-5	3.14169108	100000000	3462	78542277
1	8.795106198481901E-5	3.14186896	100000000	5675	78546724
1	3.8574832439968994E-5	3.14171384	100000000	5597	78542846
1	7.288863817054351E-5	3.14182164	100000000	6018	78545541
1	6.912850064910202E-5	3.14137548	100000000	5997	78534387
1	3.8740353580768124E-5	3.14171436	100000000	5857	78542859
1	1.4595650948173689E-5	3.1415468	100000000	5132	78538670
1	5.954435303919746E-6	3.14161136	100000000	3497	78540284
1	3.804007183117899E-5	3.14171216	100000000	3506	78542804
2-------------------
2	4.247094544692822E-5	3.14172608	100000000	1806	78543152
2	5.054328416054097E-5	3.14175144	100000000	2501	78543786
2	5.156187579621703E-5	3.14175464	100000000	2592	78543866
2	8.523906175447633E-5	3.14186044	100000000	2745	78546511
2	2.041435566758987E-5	3.14152852	100000000	2585	78538213
2	2.4361398256311694E-5	3.14151612	100000000	2676	78537903
2	1.375939371306681E-5	3.14163588	100000000	2791	78540897
2	1.7337196833797752E-5	3.14164712	100000000	2985	78541178
2	4.982618915104042E-5	3.14143612	100000000	2909	78535903
2	4.237773781423155E-5	3.14145952	100000000	2926	78536488
3-------------------
3	1.501581999792717E-5	3.14154548	100000000	2120	78538637
3	4.555218514512042E-5	3.14173576	100000000	2133	78543394
3	5.75071697672799E-6	3.14161072	100000000	1908	78540268
3	4.399475203611291E-5	3.14145444	100000000	1972	78536361
3	4.162652648287981E-5	3.14146188	100000000	1993	78536547
3	3.159747973481757E-5	3.14169192	100000000	1939	78542298
3	8.508627300918853E-5	3.14185996	100000000	1972	78546499
3	5.642156999268963E-5	3.1414154	100000000	1960	78535385
3	7.376382729579233E-6	3.14156948	100000000	1923	78539237
3	6.546565162475728E-5	3.14179832	100000000	1977	78544958
4-------------------
4	4.908771021505865E-5	3.14143844	100000000	1437	78535961
4	3.380018414725153E-5	3.14169884	100000000	1472	78542471
4	8.516266738183242E-5	3.1418602	100000000	1496	78546505
4	3.8408576596410055E-6	3.14160472	100000000	1524	78540118
4	1.5181341138726297E-5	3.14154496	100000000	1452	78538624
4	5.025909059616387E-5	3.14143476	100000000	1545	78535869
4	3.929984427796233E-6	3.141605	100000000	1526	78540125
4	1.9939256163613446E-7	3.14159328	100000000	1450	78539832
4	1.1363230360210946E-4	3.14194964	100000000	1422	78548741
4	7.049421312381065E-6	3.1416148	100000000	1472	78540370
5-------------------
5	8.602773556847137E-6	3.14161968	100000000	1246	78540492
5	8.88295972707186E-5	3.14187172	100000000	1148	78546793
5	3.229702678065738E-6	3.1416028	100000000	1215	78540070
5	6.400069144554527E-6	3.14161276	100000000	1190	78540319
5	2.142021490789596E-5	3.14152536	100000000	1220	78538134
5	8.000270106383113E-6	3.14156752	100000000	1174	78539188
5	3.987353677562207E-5	3.14171792	100000000	1225	78542948
5	9.630016723634443E-6	3.1415624	100000000	1238	78539060
5	4.107903347871983E-5	3.1414636	100000000	1140	78536590
5	1.4277341061945405E-5	3.1415478	100000000	1250	78538695
6-------------------
6	3.3375934232956605E-5	3.1414878	100000000	948	78537195
6	1.1951393559505024E-5	3.1416302	100000000	950	78540755
6	1.2147137833324906E-4	3.14121104	100000000	923	78530276
6	2.6908612048756417E-6	3.1415842	100000000	937	78539605
6	3.8086920548541495E-5	3.141473	100000000	934	78536825
6	4.592068990992742E-6	3.14160708	100000000	948	78540177
6	6.918016493433122E-6	3.14157092	100000000	989	78539273
6	5.322981959986099E-5	3.14175988	100000000	942	78543997
6	5.244041108211662E-5	3.1417574	100000000	705	78543935
6	5.9494158159911955E-5	3.14177956	100000000	606	78544489
7-------------------
7	8.049852978361005E-5	3.14133976	100000000	527	78533494
7	1.2583858997172436E-4	3.14119732	100000000	535	78529933
7	8.544278008166808E-5	3.14186108	100000000	525	78546527
7	4.254733981957212E-5	3.14172632	100000000	521	78543158
7	3.051114525732613E-5	3.1414968	100000000	524	78537420
7	1.4608383343543659E-5	3.14154676	100000000	522	78538669
7	4.121908982863766E-5	3.14146316	100000000	532	78536579
7	3.7322976821678435E-5	3.1414754	100000000	525	78536885
7	3.783227263958714E-5	3.1414738	100000000	522	78536845
7	3.99881283346586E-5	3.14171828	100000000	523	78542957
8-------------------
8	5.794080591544588E-5	3.14177468	100000000	487	78544367
8	9.290322911066304E-6	3.14162184	100000000	466	78540546
8	9.716523542425559E-5	3.1412874	100000000	477	78532185
8	9.43037926098413E-6	3.14162228	100000000	465	78540557
8	2.7765028705132268E-5	3.14167988	100000000	477	78541997
8	2.618547696631829E-6	3.14160088	100000000	467	78540022
8	3.0180102975727875E-5	3.14149784	100000000	476	78537446
8	1.3110041545240272E-5	3.14163384	100000000	478	78540846
8	2.3406468597768203E-5	3.14151912	100000000	471	78537978
8	2.2833510802585562E-5	3.14152092	100000000	474	78538023
9-------------------
9	9.400833605702746E-6	3.14156312	100000000	425	78539078
9	4.109584673848989E-5	3.14172176	100000000	424	78543044
9	5.4167935998493066E-5	3.14142248	100000000	427	78535562
9	5.694767907050976E-5	3.14177156	100000000	423	78544289
9	5.594181983020367E-5	3.1417684	100000000	431	78544210
9	1.0826861895762319E-5	3.14155864	100000000	429	78538966
9	1.455745376178106E-5	3.14154692	100000000	425	78538673
9	2.0592609203900324E-5	3.14152796	100000000	422	78538199
9	5.915903501391361E-5	3.1414068	100000000	425	78535170
9	8.12759406093097E-6	3.14156712	100000000	426	78539178
10-------------------
10	1.089808983993984E-4	3.14125028	100000000	398	78531257
10	1.0618492908082009E-7	3.14159232	100000000	384	78539808
10	7.085145489905002E-5	3.14181524	100000000	386	78545381
10	2.515080677405606E-5	3.14151364	100000000	380	78537841
10	3.881674795341202E-5	3.1417146	100000000	400	78542865
10	1.1712097995468516E-4	3.1419606	100000000	390	78549015
10	4.3536385799966794E-5	3.14145588	100000000	384	78536397
10	4.667728661018184E-7	3.14159412	100000000	387	78539853
10	1.9013792168411596E-5	3.14153292	100000000	385	78538323
10	8.743768530251021E-5	3.14131796	100000000	395	78532949
11-------------------
11	5.503781975342278E-5	3.14176556	100000000	385	78544139
11	7.949340524620513E-6	3.14156768	100000000	388	78539192
11	1.0630709535544836E-4	3.14125868	100000000	355	78531467
11	3.4381793473404055E-5	3.14148464	100000000	360	78537116
11	6.1072240492075434E-6	3.14161184	100000000	355	78540296
11	6.985759335107137E-6	3.1416146	100000000	368	78540365
11	2.5048947610389504E-5	3.14151396	100000000	361	78537849
11	8.1164695211348E-5	3.14184764	100000000	351	78546191
11	7.024029991747474E-5	3.14181332	100000000	362	78545333
11	3.730159289519722E-5	3.14170984	100000000	360	78542746
12-------------------
12	4.326900549564247E-5	3.14145672	100000000	346	78536418
12	7.734497657717404E-5	3.14183564	100000000	366	78545891
12	8.385988218177927E-5	3.1413292	100000000	352	78533230
12	8.697066753539422E-5	3.14186588	100000000	346	78546647
12	6.294129116487884E-6	3.14157288	100000000	344	78539322
12	3.448773350132934E-5	3.141701	100000000	335	78542525
12	7.389115124949203E-6	3.14156944	100000000	347	78539236
12	8.299816015579109E-5	3.1418534	100000000	347	78546335
12	5.773708758825413E-5	3.14177404	100000000	341	78544351
12	2.3155901553213934E-5	3.1416654	100000000	344	78541635
13-------------------
13	4.413080752205187E-7	3.14159404	100000000	331	78539851
13	5.173678317145265E-6	3.1415764	100000000	366	78539410
13	2.5201736355818658E-5	3.14151348	100000000	324	78537837
13	3.401255400541317E-5	3.1414858	100000000	352	78537145
13	3.764128670790672E-5	3.1414744	100000000	333	78536860
13	8.325280806474544E-5	3.1418542	100000000	324	78546355
13	1.13921067832915E-4	3.14123476	100000000	324	78530869
13	7.583847304992912E-5	3.1413544	100000000	342	78533860
13	5.084551548990037E-6	3.14157668	100000000	349	78539417
13	7.161539862591308E-5	3.14181764	100000000	334	78545441
14-------------------
14	1.1488946458958828E-5	3.14155656	100000000	314	78538914
14	3.4458187846047956E-5	3.1414844	100000000	305	78537110
14	6.29820998088797E-6	3.14161244	100000000	312	78540311
14	2.066035204557434E-5	3.14165756	100000000	312	78541439
14	3.541719836899153E-5	3.14170392	100000000	306	78542598
14	1.4452109495738217E-4	3.14204668	100000000	307	78551167
14	3.11986946115453E-5	3.14149464	100000000	308	78537366
14	1.4637928998966403E-5	3.14163864	100000000	313	78540966
14	2.3079507180570034E-5	3.14166516	100000000	320	78541629
14	6.4087206755244115E-6	3.14157252	100000000	315	78539313
15-------------------
15	2.083787087841819E-6	3.1415992	100000000	301	78539980
15	1.566517216575371E-5	3.14154344	100000000	329	78538586
15	4.042102977978205E-5	3.14171964	100000000	318	78542991
15	1.1206621896213206E-4	3.14194472	100000000	353	78548618
15	5.903171105936576E-5	3.1414072	100000000	304	78535180
15	2.4921623655983004E-5	3.14151436	100000000	305	78537859
15	9.286242046666217E-6	3.14156348	100000000	295	78539087
15	2.4857961678709077E-5	3.14151456	100000000	315	78537864
15	6.0449087818455446E-5	3.14178256	100000000	307	78544564
15	4.6227002103828264E-5	3.14173788	100000000	297	78543447
16-------------------
16	1.5996214447351963E-5	3.1415424	100000000	293	78538560
16	6.684075033305426E-5	3.14180264	100000000	317	78545066
16	3.9742131956674124E-5	3.1414678	100000000	314	78536695
16	5.5975936152054854E-5	3.1414168	100000000	309	78535420
16	4.570497389054958E-5	3.14173624	100000000	350	78543406
16	5.2118020331488254E-5	3.14142892	100000000	306	78535723
16	7.0453404478396206E-6	3.14157052	100000000	327	78539263
16	6.640376802338937E-5	3.14138404	100000000	349	78534601
16	2.126742616260816E-5	3.14152584	100000000	312	78538146
16	1.2625010749050796E-4	3.14198928	100000000	311	78549732
17-------------------
17	7.2490587750313765E-6	3.14156988	100000000	309	78539247
17	4.486128962926098E-6	3.14157856	100000000	317	78539464
17	8.220801693486284E-6	3.14161848	100000000	311	78540462
17	8.647410411285548E-5	3.14186432	100000000	304	78546608
17	6.216388033946191E-5	3.14139736	100000000	322	78534934
17	6.905210627645812E-5	3.14137572	100000000	310	78534393
17	1.1950193790328823E-4	3.14196808	100000000	286	78549202
17	2.6312800921431578E-6	3.14160092	100000000	286	78540023
17	4.394382245435031E-5	3.1414546	100000000	277	78536365
17	1.8202999724186016E-5	3.14164984	100000000	305	78541246
18-------------------
18	1.5346862279525426E-5	3.14154444	100000000	310	78538611
18	4.5404047059048956E-7	3.14159408	100000000	316	78539852
18	2.236649303546957E-5	3.14166292	100000000	362	78541573
18	2.6665961832270862E-5	3.14150888	100000000	326	78537722
18	4.337421082038387E-6	3.14160628	100000000	294	78540157
18	2.301176433889602E-5	3.14152036	100000000	306	78538009
18	2.5613253874602256E-5	3.14167312	100000000	326	78541828
18	3.748849796247756E-5	3.14147488	100000000	306	78536872
18	1.9001059772900266E-5	3.14153296	100000000	302	78538324
18	3.314675111502491E-5	3.14148852	100000000	296	78537213
19-------------------
19	1.1891732459214893E-7	3.14159228	100000000	325	78539807
19	1.0623143568570564E-5	3.14155928	100000000	310	78538982
19	3.0896463281479105E-6	3.14160236	100000000	296	78540059
19	7.995511764385016E-5	3.14184384	100000000	312	78546096
19	6.295736972160637E-5	3.14179044	100000000	296	78544761
19	1.0431219013460623E-4	3.14192036	100000000	319	78548009
19	2.1691676076761733E-5	3.1416608	100000000	308	78541520
19	8.878731921992589E-5	3.14131372	100000000	316	78532843
19	3.681368100376972E-5	3.141477	100000000	335	78536925
19	4.779308674380566E-5	3.1417428	100000000	325	78543570
20-------------------
20	5.772100903209203E-6	3.14157452	100000000	325	78539363
20	4.3324015941805155E-5	3.14172876	100000000	307	78543219
20	1.324253192824037E-4	3.14200868	100000000	331	78550217
20	1.8228464515067316E-5	3.14164992	100000000	340	78541248
20	7.970912126586568E-5	3.14134224	100000000	316	78533556
20	8.169872111723684E-6	3.14161832	100000000	325	78540458
20	1.7184408088368596E-5	3.14164664	100000000	315	78541166
20	2.7506299931777826E-5	3.14150624	100000000	404	78537656
20	7.678067031296129E-5	3.14135144	100000000	342	78533786
20	8.110968476518532E-5	3.14133784	100000000	326	78533446
