NbProcess	Error	Estimation	Ntot	Time	Total
1-------------------
1	1.1056379629928723E-4	3.14194	1000000	38	785485
1	2.271026771257915E-5	3.141664	1000000	37	785416
1	9.356230212876497E-4	3.144532	1000000	37	786133
1	2.0351028306494104E-4	3.142232	1000000	38	785558
1	2.7013482757644775E-4	3.140744	1000000	38	785186
1	2.3321088077919713E-4	3.14086	1000000	38	785215
1	1.2498551947670607E-4	3.1412	1000000	39	785300
1	7.745956813621057E-5	3.141836	1000000	38	785459
1	4.314201615725864E-4	3.142948	1000000	37	785737
2-------------------
2	9.661807703613242E-4	3.144628	1000000	153	786157
2	0.0010671827825806794	3.13824	1000000	38	784560
2	3.544266315987283E-5	3.141704	1000000	21	785426
2	5.460117205987949E-4	3.143308	1000000	19	785827
2	9.401168221767822E-5	3.141888	1000000	18	785472
2	8.176278318126205E-4	3.139024	1000000	19	784756
2	1.0547083812034148E-4	3.141924	1000000	19	785481
2	3.39746914351563E-4	3.14266	1000000	19	785665
2	0.0010353517939623745	3.13834	1000000	19	784585
2	5.922644323945187E-4	3.139732	1000000	19	784933
3-------------------
3	3.1497176615870716E-4	3.1406031406031407	999999	174	785150
3	4.7667335004171956E-4	3.14009514009514	999999	39	785023
3	4.36240316447113E-4	3.142963142963143	999999	13	785740
3	3.9549661027179345E-4	3.1428351428351426	999999	15	785708
3	5.279136553413347E-4	3.143251143251143	999999	13	785812
3	2.274288222990066E-4	3.1423071423071423	999999	15	785576
3	2.22335859027074E-4	3.142291142291142	999999	23	785572
3	2.9587315388924254E-4	3.1406631406631402	999999	15	785165
3	1.2429631604293656E-4	3.141983141983142	999999	15	785495
3	3.369275326449924E-4	3.1426511426511428	999999	13	785662
4-------------------
4	0.0017623715740061373	3.136056	1000000	148	784014
4	4.986438633729169E-5	3.141436	1000000	50	785359
4	4.1359480794620564E-4	3.142892	1000000	15	785723
4	1.0970664493986884E-4	3.141248	1000000	12	785312
4	1.1989256129776033E-4	3.141216	1000000	18	785304
4	3.2743060708962274E-4	3.140564	1000000	11	785141
4	2.9009057210701867E-4	3.142504	1000000	11	785626
4	2.913638116516491E-4	3.142508	1000000	12	785627
4	3.652117052462917E-4	3.14274	1000000	11	785685
4	1.5172354991620658E-4	3.141116	1000000	10	785279
5-------------------
5	2.2642859487026756E-4	3.142304	1000000	170	785576
5	3.448398725306501E-4	3.1426760000000002	1000000	34	785669
5	1.3475534764924416E-4	3.142016	1000000	33	785504
5	2.0010665261612046E-4	3.140964	1000000	10	785241
5	7.259545845917385E-4	3.139312	1000000	9	784828
5	1.4748774309653785E-4	3.1420559999999997	1000000	10	785514
5	4.522080824735814E-4	3.140172	1000000	9	785043
5	5.708773542042759E-5	3.141772	1000000	9	785443
5	6.132354223995495E-5	3.1414	1000000	8	785350
5	8.978419231308393E-4	3.1387720000000003	1000000	9	784693
6-------------------
6	6.430163048834032E-4	3.139572558290233	999996	132	784890
6	1.0698031240581317E-4	3.1412565650262603	999996	48	785311
6	3.9600684516684836E-4	3.1403485613942457	999996	14	785084
6	2.457639779166996E-4	3.140820563282253	999996	9	785202
6	0.0013916286261831058	3.145964583858335	999996	9	786488
6	1.0310505281701305E-4	3.141916567666271	999996	9	785476
6	2.686268557197002E-4	3.142436569746279	999996	9	785606
6	5.398834892284866E-4	3.1398965595862385	999996	9	784971
6	5.666216266205701E-4	3.139812559250237	999996	9	784950
6	0.0012529004863481676	3.1376565506262026	999996	10	784411
7-------------------
7	6.180030808370015E-4	3.1396511396511397	999999	150	784912
7	5.339691868506788E-4	3.1399151399151397	999999	18	784978
7	6.663862319200787E-4	3.1394991394991396	999999	13	784874
7	2.6658861507577135E-4	3.1407551407551404	999999	8	785188
7	1.4945045982188662E-4	3.141123141123141	999999	8	785280
7	2.796316958360332E-4	3.1424711424711425	999999	8	785617
7	4.655248552605842E-4	3.143055143055143	999999	7	785763
7	4.5406568789873583E-4	3.143019143019143	999999	8	785754
7	1.7777243039794632E-4	3.142151142151142	999999	8	785537
7	1.7236879454544205E-4	3.141051141051141	999999	8	785262
8-------------------
8	1.0292435903093929E-4	3.141916	1000000	171	785479
8	4.280165311236245E-4	3.140248	1000000	16	785062
8	3.2615736754485093E-4	3.140568	1000000	19	785142
8	6.096736978355461E-4	3.143508	1000000	11	785877
8	3.652117052462917E-4	3.14274	1000000	8	785685
8	1.1056379629928723E-4	3.14194	1000000	7	785485
8	1.9246721534763118E-4	3.140988	1000000	7	785247
8	4.670708688252066E-4	3.14306	1000000	10	785765
8	4.738531547341362E-4	3.140104	1000000	6	785026
8	0.0011244785620938543	3.13806	1000000	6	784515
9-------------------
9	3.178289203752451E-4	3.1425911425911424	999999	141	785647
9	4.301006572655219E-6	3.1415791415791414	999999	21	785394
9	7.940209862982589E-4	3.144087144087144	999999	9	786021
9	2.528936386585283E-4	3.1423871423871423	999999	11	785596
9	4.235079082674228E-4	3.1429231429231432	999999	9	785730
9	9.757837506882888E-4	3.1385271385271385	999999	8	784631
9	1.1665687113517898E-4	3.141959141959142	999999	8	785489
9	3.865839245460527E-4	3.142807142807143	999999	7	785701
9	8.828371709759426E-4	3.138819138819139	999999	7	784704
9	6.078171542932777E-4	3.1396831396831395	999999	7	784920
10-------------------
10	8.509900540469986E-5	3.1418600000000003	1000000	169	785465
10	1.504503103714348E-4	3.14112	1000000	16	785280
10	1.3644467537936934E-4	3.141164	1000000	16	785291
10	2.688615880318173E-4	3.140748	1000000	11	785187
10	5.782587974023119E-4	3.1397760000000003	1000000	15	784944
10	1.4535735219248905E-4	3.141136	1000000	10	785284
10	4.2547005203422226E-4	3.140256	1000000	10	785064
10	3.8345314705788455E-4	3.140388	1000000	6	785097
10	5.87171474215573E-4	3.139748	1000000	6	784937
10	0.0014181808087422995	3.146048	1000000	6	786512
11-------------------
11	7.265392229455759E-4	3.1438751438751438	999999	152	785968
11	2.347575946263339E-4	3.1408551408551406	999999	20	785213
11	1.9656037008698062E-4	3.140975140975141	999999	8	785243
11	6.396481747425737E-4	3.1395831395831397	999999	8	784895
11	5.724770839704624E-4	3.1433911433911432	999999	6	785847
11	6.052706726573113E-4	3.1396911396911396	999999	6	784922
11	4.5151920626291083E-4	3.1430111430111434	999999	6	785752
11	7.453271626346102E-4	3.1392511392511393	999999	5	784812
11	4.792198316776859E-4	3.14008714008714	999999	5	785021
11	2.1342317330133326E-4	3.1422631422631424	999999	5	785565
12-------------------
12	2.3806898441448217E-4	3.1423405693622772	999996	146	785582
12	9.460485286592181E-4	3.138620554482218	999996	16	784652
12	4.316576950228183E-4	3.140236560946244	999996	19	785056
12	2.8268807241028677E-4	3.1407045628182515	999996	8	785173
12	8.937899728371443E-4	3.1444005776023105	999996	7	786097
12	4.214162122453663E-4	3.142916571666287	999996	8	785726
12	6.595684851737002E-4	3.139520558082232	999996	12	784877
12	4.0231754267969336E-4	3.142856571426286	999996	8	785711
12	1.7058701861567694E-4	3.142128568514274	999996	7	785529
12	2.676590022984554E-5	3.1415085660342643	999996	7	785374
13-------------------
13	2.185161365732659E-4	3.1422791422791425	999999	144	785569
13	5.495587492470483E-4	3.1433191433191436	999999	18	785829
13	5.470122676109406E-4	3.143311143311143	999999	13	785827
13	6.68932713556045E-4	3.1394911394911396	999999	8	784872
13	5.291868961593178E-4	3.143255143255143	999999	8	785813
13	2.207519456285192E-4	3.140899140899141	999999	17	785224
13	2.096034508473838E-4	3.1422511422511423	999999	9	785562
13	9.393969844446477E-6	3.1415631415631418	999999	11	785390
13	1.217498344071116E-4	3.1419751419751423	999999	9	785493
13	8.678689537408578E-4	3.144319144319144	999999	9	786079
14-------------------
14	3.071051339668441E-5	3.141689133513068	999992	154	785416
14	4.279644293853285E-4	3.142937143497148	999992	16	785728
14	4.406969266927836E-4	3.1429771438171508	999992	23	785738
14	1.9847443813524737E-4	3.140969127753022	999992	8	785236
14	2.0229418732748393E-4	3.140957127657021	999992	7	785233
14	9.916095913808636E-5	3.141281130249042	999992	7	785314
14	3.3598540905449125E-4	3.140537124296994	999992	7	785128
14	5.524378632789679E-4	3.139857118856951	999992	7	784958
14	1.7586098270026005E-4	3.1421451371610973	999992	7	785530
14	8.388196236928148E-5	3.141329130633045	999992	16	785326
15-------------------
15	3.9686074611430637E-4	3.142839428394284	999990	167	785702
15	7.974498899536449E-4	3.1390873908739088	999990	19	784764
15	4.146862779959344E-4	3.1428954289542896	999990	9	785716
15	3.217388617561478E-4	3.1426034260342606	999990	9	785643
15	3.140993480925727E-4	3.142579425794258	999990	8	785637
15	2.9069548360490736E-4	3.140679406794068	999990	8	785162
15	6.268340848010805E-4	3.1396233962339624	999990	8	784898
15	2.448584016237395E-4	3.1408234082340822	999990	8	785198
15	3.4847715957851927E-4	3.142687426874269	999990	11	785664
15	1.5063773310664325E-4	3.141119411194112	999990	7	785272
16-------------------
16	2.561291925843823E-4	3.140788	1000000	166	785197
16	1.69548903542446E-4	3.14106	1000000	22	785265
16	5.83351755581399E-4	3.13976	1000000	14	784940
16	1.958708457965931E-4	3.142208	1000000	8	785552
16	0.0011423039157200936	3.138004	1000000	8	784501
16	0.0010047940448887	3.138436	1000000	13	784609
16	9.279835840193017E-4	3.144508	1000000	7	786127
16	3.244680398148671E-4	3.142612	1000000	7	785653
16	2.905066602922307E-4	3.14068	1000000	7	785170
16	7.883433222837178E-4	3.139116	1000000	6	784779
17-------------------
17	4.241133063223259E-4	3.140260262342361	999991	177	785058
17	4.0628779226650524E-4	3.1403162628463654	999991	8	785072
17	1.7304141455084626E-4	3.142136279226513	999991	8	785527
17	2.3161096073455985E-4	3.1423202808825277	999991	8	785573
17	1.4781783845562165E-4	3.1411282701544314	999991	13	785275
17	1.7946236048342755E-5	3.141536273826464	999991	9	785377
17	0.0010569190553074222	3.1382722444502003	999991	9	784561
17	2.5325622780253393E-4	3.1423882814945334	999991	10	785590
17	1.1829162137914471E-4	3.141964277678499	999991	8	785484
17	9.690647360318516E-4	3.1385482469342225	999991	11	784630
18-------------------
18	1.2517268756144005E-4	3.14119941199412	999990	147	785292
18	7.457318700830103E-4	3.1439354393543937	999990	10	785976
18	8.292811968851135E-4	3.1389873898738987	999990	9	784739
18	5.865753354256672E-4	3.1434354343543434	999990	9	785851
18	1.676753362077604E-4	3.1421194211942116	999990	10	785522
18	5.644447232154528E-4	3.139819398193982	999990	10	784947
18	5.351599208384621E-4	3.1399113991139913	999990	9	784970
18	3.803084665099879E-4	3.142787427874279	999990	9	785689
18	4.416986531381477E-5	3.141731417314173	999990	8	785425
18	3.815817187871562E-4	3.142791427914279	999990	13	785690
19-------------------
19	7.658925911995866E-4	3.1391865310518416	999989	135	784788
19	3.0618689834179213E-4	3.142554568100249	999989	17	785630
19	0.0013158769639074997	3.145726602992633	999989	22	786423
19	2.450707279165008E-4	3.1423625659882255	999989	9	785582
19	3.9410255444660263E-4	3.1403545438999827	999989	9	785080
19	6.105556580357402E-4	3.1396745364199004	999989	10	784910
19	3.215271020666222E-4	3.1405825464080106	999989	8	785137
19	5.290062696835348E-4	3.143254575800334	999989	10	785805
19	8.142150650009485E-4	3.1441505856564422	999989	14	786029
19	0.0013745077883501856	3.13727451001961	999989	24	784310
20-------------------
20	0.0010502145803138582	3.144892	1000000	153	786223
20	4.110483288568034E-4	3.142884	1000000	38	785721
20	3.0027648846491016E-4	3.142536	1000000	16	785634
20	1.8864749671345722E-4	3.141	1000000	8	785250
20	2.3321088077919713E-4	3.14086	1000000	9	785215
20	1.69548903542446E-4	3.14106	1000000	9	785265
20	3.01965816194894E-4	3.140644	1000000	8	785161
20	7.590588127548151E-4	3.139208	1000000	7	784802
20	4.8362298290667425E-4	3.143112	1000000	8	785778
20	3.4611311207528053E-4	3.14268	1000000	7	785670
