NbProcess	Error	Estimation	Ntot	Time	Total
1-------------------
1	9.570100994780339E-5	3.141292	10000000	340	7853230
1	4.4355339973133905E-5	3.141732	10000000	346	7854330
1	7.835083581748012E-5	3.1418388	10000000	360	7854597
1	1.3224298488169315E-4	3.1411772	10000000	363	7852943
1	2.1767735833340553E-4	3.1409088	10000000	340	7852272
1	4.2097625114395896E-5	3.1414604	10000000	339	7853651
1	1.2192974456939517E-4	3.1412096	10000000	340	7853024
1	4.163027273121482E-4	3.1402848	10000000	343	7850712
1	2.839790222922555E-4	3.1424848	10000000	337	7856212
2-------------------
2	1.5945619481710983E-4	3.1420936	10000000	313	7855234
2	1.3233619251424848E-4	3.1420084	10000000	220	7855021
2	1.3300692860855623E-4	3.1411748	10000000	180	7852937
2	3.8277906480221926E-5	3.1414724	10000000	181	7853681
2	9.366382667616855E-5	3.1412984	10000000	176	7853246
2	4.6019537528358036E-4	3.1430384	10000000	181	7857596
2	2.740477538433184E-4	3.1424536	10000000	183	7856134
2	1.9857876516239434E-4	3.1409688	10000000	183	7852422
2	6.922097357833208E-6	3.1416144	10000000	184	7854036
2	9.439365408118043E-5	3.1418892	10000000	179	7854723
3-------------------
3	1.3214299809600772E-4	3.1411775141177514	9999999	256	7852943
3	4.810917974002406E-5	3.1414415141441516	9999999	139	7853603
3	6.860833846032841E-5	3.141377114137711	9999999	122	7853442
3	2.496630198269168E-4	3.140808314080832	9999999	123	7852020
3	2.5288467873475675E-4	3.1423871142387116	9999999	124	7855967
3	1.844269538122183E-5	3.141534714153471	9999999	122	7853836
3	4.670861610076002E-5	3.1414459141445916	9999999	122	7853614
3	2.3662978036609113E-5	3.1415183141518312	9999999	121	7853795
3	5.591450146718363E-5	3.1417683141768316	9999999	123	7854420
3	4.747255990409776E-5	3.1414435141443513	9999999	122	7853608
4-------------------
4	1.159455187090385E-4	3.1412284	10000000	228	7853071
4	1.6483791722686112E-4	3.1410748	10000000	122	7852687
4	4.7283790925896955E-5	3.1417412	10000000	99	7854353
4	9.251791108594463E-5	3.141302	10000000	94	7853255
4	4.315816018489854E-4	3.1402368	10000000	99	7850592
4	4.0824385569765474E-5	3.1414644	10000000	106	7853661
4	1.1174382821150368E-4	3.1412416	10000000	91	7853104
4	6.867421527749735E-5	3.1418084	10000000	93	7854521
4	3.6970550613598966E-5	3.1417088	10000000	91	7854272
4	2.3168299332547099E-4	3.1408648	10000000	92	7852162
5-------------------
5	2.095286252471489E-4	3.1409344	10000000	272	7852336
5	8.054945936551402E-5	3.1413396	10000000	109	7853349
5	2.990032489201384E-4	3.142532	10000000	80	7856330
5	4.48987521128938E-5	3.1414516	10000000	78	7853629
5	1.486677750087543E-4	3.1411256	10000000	80	7852814
5	6.794438787248547E-5	3.1413792000000003	10000000	78	7853448
5	2.7723085270517714E-4	3.1424636	10000000	75	7856159
5	2.8563423370038814E-4	3.14249	10000000	75	7856225
5	2.1564352122355232E-5	3.1416604	10000000	74	7854151
5	3.507308907583101E-4	3.1404908	10000000	77	7851227
6-------------------
6	1.601109067704467E-4	3.1420956568382628	9999996	189	7855236
6	8.333453151231182E-5	3.1418544567417825	9999996	100	7854633
6	1.9741684035351397E-4	3.1422128568851426	9999996	73	7855529
6	5.201088623117014E-5	3.1414292565717026	9999996	64	7853570
6	6.971086293425687E-5	3.141811656724663	9999996	66	7854526
6	1.4075571799710654E-4	3.1411504564601826	9999996	63	7852873
6	1.9359712019154289E-4	3.142200856880343	9999996	66	7855499
6	7.20026950315526E-5	3.141818856727543	9999996	73	7854544
6	2.811960359088314E-4	3.142476056990423	9999996	71	7856187
6	2.3828784608796155E-4	3.142341256936503	9999996	69	7855850
7-------------------
7	1.530080711324174E-4	3.1420733426220027	9999997	203	7855181
7	2.937647424917428E-5	3.1416849425054827	9999997	94	7854210
7	2.7849294002864035E-4	3.1407177422153225	9999997	62	7851792
7	9.400047464878116E-5	3.1412973423892026	9999997	55	7853241
7	1.6472187845819453E-4	3.142110142633043	9999997	58	7855273
7	2.1292108380314224E-4	3.140923742277123	9999997	55	7852307
7	8.412579109761415E-5	3.141856942557083	9999997	53	7854640
7	5.001003771870088E-6	3.141576942473083	9999997	55	7853940
7	5.216746893729737E-5	3.141756542526963	9999997	64	7854389
7	1.8134473362082764E-4	3.1410229423068827	9999997	62	7852555
8-------------------
8	1.2383960388648215E-4	3.1412036	10000000	201	7853009
8	8.446638650625857E-7	3.14159	10000000	85	7853975
8	7.6822948363754E-5	3.141834	10000000	53	7854585
8	1.2851647388007452E-4	3.1419964	10000000	54	7854991
8	1.4688858580729002E-5	3.1416388	10000000	51	7854097
8	1.3924914853865938E-5	3.1416364	10000000	49	7854091
8	7.42764692743518E-5	3.141826	10000000	49	7854565
8	7.634776886783782E-5	3.1413528	10000000	50	7853382
8	2.7328381011645534E-4	3.1424512	10000000	50	7856128
8	1.8415369582347655E-5	3.1415348	10000000	50	7853837
9-------------------
9	1.558638157237279E-4	3.1420823142082313	9999999	184	7855205
9	1.3905705205255947E-4	3.1420295142029513	9999999	81	7855073
9	7.272126513835208E-5	3.1418211141821115	9999999	51	7854552
9	2.438435240751384E-6	3.1416003141600317	9999999	50	7854000
9	2.5284611900711377E-4	3.1407983140798317	9999999	48	7851995
9	4.878435930359336E-5	3.1417459141745914	9999999	45	7854364
9	1.2556071152871665E-4	3.1419871141987112	9999999	46	7854967
9	3.838998879874064E-6	3.1416047141604713	9999999	46	7854011
9	2.1312104123892312E-4	3.1409231140923115	9999999	49	7852307
9	7.230073350932294E-5	3.141365514136551	9999999	47	7853413
10-------------------
10	2.2837591667127007E-5	3.1416644000000002	10000000	189	7854161
10	1.6289394158792295E-4	3.1421044	10000000	79	7855261
10	2.5533113253566807E-4	3.1423948	10000000	47	7855987
10	7.542238486471708E-5	3.1418296000000003	10000000	46	7854574
10	1.5054351800399012E-4	3.1420656	10000000	46	7855164
10	2.0685482220319883E-4	3.1409428	10000000	45	7852357
10	5.77243551927428E-5	3.141774	10000000	45	7854435
10	2.3890299624795613E-5	3.1415176	10000000	46	7853794
10	1.2778999263642018E-5	3.1416328	10000000	43	7854082
10	2.570204602657932E-4	3.1407852	10000000	47	7851963
11-------------------
11	5.905036174550677E-5	3.1414071414071416	9999990	197	7853510
11	4.4566229850007523E-4	3.142992742992743	9999990	63	7857474
11	2.4512686966885936E-4	3.1423627423627423	9999990	42	7855899
11	5.2556833573962314E-5	3.141427541427541	9999990	42	7853561
11	1.7529724842685985E-4	3.141041941041941	9999990	41	7852597
11	5.061412373539924E-4	3.1431827431827433	9999990	41	7857949
11	2.8370606645352275E-4	3.1424839424839424	9999990	41	7856202
11	2.7180890242933266E-4	3.140738740738741	9999990	42	7851839
11	2.2539163699026183E-4	3.1423007423007423	9999990	42	7855744
11	7.012755686190366E-5	3.1413723413723416	9999990	45	7853423
12-------------------
12	7.136413505246444E-5	3.1413684565473825	9999996	205	7853418
12	1.6723911112102014E-4	3.1410672564269024	9999996	83	7852665
12	1.4070272572965093E-5	3.1416368566547423	9999996	39	7854089
12	1.2866187743591415E-4	3.141996856798743	9999996	40	7854989
12	6.372663468028542E-5	3.1417928567171427	9999996	46	7854479
12	4.653595399880427E-5	3.1414464565785827	9999996	38	7853613
12	5.354071424803271E-5	3.1417608567043427	9999996	39	7854399
12	1.4839515832133142E-4	3.1411264564505825	9999996	41	7852813
12	1.0332246040860256E-4	3.1412680565072226	9999996	38	7853167
12	6.0925506561525484E-5	3.141784056713623	9999996	43	7854457
13-------------------
13	9.119205477565727E-5	3.141879141879142	9999990	180	7854690
13	1.6358343290133E-4	3.1410787410787413	9999990	72	7852689
13	2.519463456689651E-4	3.1408011408011407	9999990	46	7851995
13	3.2750301230626295E-5	3.141695541695542	9999990	37	7854231
13	5.917768582741817E-5	3.1414067414067413	9999990	41	7853509
13	1.3060649571582076E-4	3.141182341182341	9999990	41	7852948
13	1.4206566307766916E-4	3.141146341146341	9999990	39	7852858
13	1.0539886580659587E-5	3.1415595415595416	9999990	36	7853891
13	2.3213981332548774E-4	3.142321942321942	9999990	42	7855797
13	4.924640744709303E-5	3.1414379414379416	9999990	35	7853587
14-------------------
14	1.9381272641803177E-5	3.141653541653542	9999990	185	7854126
14	2.4596211382435946E-4	3.140819940819941	9999990	65	7852042
14	1.1487179570364163E-5	3.141628741628742	9999990	39	7854064
14	1.1105461153602483E-4	3.141941541941542	9999990	44	7854846
14	5.663120419145186E-5	3.1414147414147413	9999990	36	7853529
14	1.4186703933116062E-4	3.1420383420383424	9999990	34	7855088
14	1.366467519773166E-4	3.142021942021942	9999990	37	7855047
14	6.0705574808941414E-5	3.1414019414019414	9999990	32	7853497
14	4.4026120093390366E-5	3.1414543414543417	9999990	33	7853628
14	2.3654013177139722E-4	3.140849540849541	9999990	33	7852116
15-------------------
15	1.637107569832414E-4	3.141078341078341	9999990	186	7852688
15	1.5574536424706393E-4	3.1420819420819424	9999990	54	7855197
15	1.0596164826423358E-4	3.1419255419255423	9999990	47	7854806
15	4.927161843481377E-4	3.14004474004474	9999990	52	7850104
15	1.1831208419847227E-4	3.141964341964342	9999990	36	7854903
15	1.79554967543151E-4	3.1421567421567422	9999990	36	7855384
15	2.464001104868425E-4	3.1423667423667423	9999990	31	7855909
15	1.5377947860291627E-4	3.1411095411095413	9999990	33	7852766
15	3.506225090619528E-4	3.140491140491141	9999990	37	7851220
15	3.3114192454703666E-4	3.1405523405523406	9999990	33	7851373
16-------------------
16	1.9017538416718334E-4	3.1409952	10000000	185	7852488
16	1.663283421980853E-5	3.1415404	10000000	64	7853851
16	1.1925194065722551E-6	3.1415964	10000000	49	7853991
16	6.956213679684392E-6	3.1415708	10000000	48	7853927
16	1.0499565862442531E-4	3.1412628	10000000	38	7853157
16	1.7413256590348303E-4	3.1410456	10000000	47	7852614
16	2.1462158342609464E-4	3.1409184	10000000	50	7852296
16	1.4434210671774648E-5	3.141638	10000000	50	7854095
16	3.5518722916479925E-4	3.1404768	10000000	41	7851192
16	9.57942175803587E-5	3.1418936	10000000	55	7854734
17-------------------
17	1.2053853715723574E-4	3.1412139706069855	9999995	173	7853031
17	3.192102053500395E-5	3.1414923707461853	9999995	54	7853727
17	7.33759424630818E-5	3.1418231709115854	9999995	51	7854554
17	8.568017232050236E-6	3.141619570809785	9999995	49	7854045
17	1.8547378640642627E-4	3.141009970504985	9999995	47	7852521
17	6.413399712328131E-5	3.1413911706955853	9999995	48	7853474
17	2.4101547444756358E-5	3.1416683708341857	9999995	50	7854167
17	2.4162367840420418E-4	3.140833570416785	9999995	49	7852080
17	1.2041121313921816E-4	3.141214370607185	9999995	49	7853032
17	1.135357161597657E-4	3.1412359706179855	9999995	49	7853086
18-------------------
18	1.1138055936444477E-4	3.141242741242741	9999990	201	7853099
18	7.980418707854737E-5	3.1413419413419414	9999990	57	7853347
18	2.900441672902021E-6	3.1415835415835414	9999990	45	7853951
18	4.802919104628278E-5	3.141743541743542	9999990	47	7854351
18	2.4290633586131297E-4	3.140829540829541	9999990	44	7852066
18	8.202472088609374E-5	3.1418503418503416	9999990	44	7854618
18	4.937373152886307E-5	3.1414375414375417	9999990	43	7853586
18	1.8273806958796752E-4	3.142166742166742	9999990	46	7855409
18	1.1150788344621481E-4	3.141242341242341	9999990	46	7853098
18	1.4703130226769037E-4	3.141130741130741	9999990	45	7852819
19-------------------
19	1.9117338209649743E-5	3.1416527124790687	9999985	178	7854120
19	1.3392628463304595E-4	3.1411719117578674	9999985	70	7852918
19	1.9499310645934514E-5	3.1416539124808684	9999985	49	7854123
19	1.0671635028601241E-4	3.1419279128918696	9999985	49	7854808
19	5.0948374574582866E-5	3.141752712629069	9999985	45	7854370
19	2.498286897826183E-4	3.14237751356627	9999985	45	7855932
19	2.349317647639783E-4	3.1423307134960705	9999985	42	7855815
19	1.279794825776673E-4	3.1419947129920693	9999985	44	7854975
19	1.254525063913108E-6	3.1415887123830686	9999985	45	7853960
19	8.55805421395973E-5	3.141861512792269	9999985	45	7854642
20-------------------
20	2.125502838326086E-4	3.1422604	10000000	201	7855651
20	2.057089066129749E-4	3.1409464	10000000	51	7852366
20	8.207734681909878E-5	3.1413348	10000000	43	7853337
20	4.706325933893514E-5	3.1414448	10000000	41	7853612
20	3.0371423523558195E-4	3.1425468	10000000	41	7856367
20	4.731790724788949E-5	3.141444	10000000	44	7853610
20	2.2630127091571972E-4	3.1423036	10000000	48	7855759
20	4.960973842833733E-5	3.1414368	10000000	41	7853592
20	3.42035399370936E-5	3.1414852	10000000	43	7853713
20	3.573142739081973E-5	3.1414804	10000000	42	7853701
