NbProcess	Error	Estimation	Ntot	Time	Total
1-------------------
1	2.4110831211757425E-5	3.1416684	10000000	210	7854171
1	5.339534074066011E-5	3.1417604	10000000	168	7854401
1	4.779308674380566E-5	3.1417428	10000000	165	7854357
1	5.075565401870261E-5	3.1414332	10000000	165	7853583
1	2.3384349967961744E-6	3.1416	10000000	166	7854000
1	8.526044568095755E-5	3.1413248	10000000	164	7853312
1	3.585875134522623E-5	3.14148	10000000	169	7853700
1	8.61142508795838E-6	3.1415656	10000000	165	7853914
1	1.2953506551589193E-4	3.1419996	10000000	166	7854999
1	1.2826182597112015E-4	3.1419956	10000000	166	7854989
2-------------------
2	2.321956353048786E-5	3.1416656	10000000	166	15708328
2	3.496748366395666E-5	3.1414828	10000000	169	15707414
2	5.734238332938194E-5	3.1417728	10000000	167	15708864
2	1.3927534803314864E-4	3.1420302	10000000	166	15710151
2	8.738749042364879E-6	3.1415652	10000000	170	15707826
2	3.7734494340462026E-5	3.1417112	10000000	174	15708556
2	1.676685898806404E-4	3.1421194	10000000	168	15710597
2	1.004153424241804E-5	3.1416242	10000000	166	15708121
2	1.1514745866032425E-4	3.1419544	10000000	171	15709772
2	9.738576701135875E-5	3.1418986	10000000	167	15709493
3-------------------
3	4.753011383870835E-5	3.141443333333333	10000000	173	23560825
3	1.5911666427188446E-4	3.1420925333333334	10000000	180	23565694
3	8.938557853850568E-5	3.1418734666666666	10000000	169	23564051
3	9.935430947008612E-6	3.1416238666666665	10000000	168	23562179
3	1.0313656562175814E-4	3.141916666666667	10000000	180	23564375
3	1.559676817318769E-4	3.141102666666667	10000000	177	23558270
3	7.283346445689667E-5	3.1418214666666664	10000000	170	23563661
3	9.829825535176675E-5	3.141901466666667	10000000	172	23564261
3	3.8074024885828744E-5	3.141712266666667	10000000	177	23562842
3	1.225322480198592E-4	3.1419776	10000000	170	23564832
4-------------------
4	1.2619509704420392E-4	3.1411962	10000000	172	31411962
4	8.248886433788238E-5	3.1418518	10000000	174	31418518
4	8.516495271511733E-5	3.1413251	10000000	169	31413251
4	2.1815653869669317E-6	3.1415858	10000000	186	31415858
4	1.6897594574726335E-4	3.1410618	10000000	173	31410618
4	1.2839143525881155E-4	3.1411893	10000000	177	31411893
4	8.706918053798593E-6	3.1415653	10000000	172	31415653
4	1.948227085054943E-4	3.1409806	10000000	176	31409806
4	9.987086945677192E-5	3.1412789	10000000	168	31412789
4	1.5770549044313698E-4	3.1420881	10000000	209	31420881
5-------------------
5	3.155520168402485E-5	3.14149352	10000000	176	39268669
5	1.5367568728408629E-4	3.14207544	10000000	175	39275943
5	2.9025535854392716E-5	3.14168384	10000000	194	39271048
5	6.900525755923697E-5	3.1418094400000003	10000000	175	39272618
5	3.9004387723734894E-6	3.1415804	10000000	181	39269755
5	1.285505902019257E-4	3.1411888	10000000	175	39264860
5	5.910810543200966E-5	3.1414069600000003	10000000	179	39267587
5	1.1230405361117499E-4	3.14123984	10000000	186	39265498
5	7.533252339267117E-6	3.14161632	10000000	182	39270204
5	3.521348004194114E-5	3.14170328	10000000	173	39271291
6-------------------
6	9.071415506426706E-5	3.1413076666666666	10000000	185	47119615
6	4.348529295086141E-5	3.1417292666666667	10000000	195	47125939
6	7.924210349874969E-5	3.1418416	10000000	184	47127624
6	8.976755040186654E-5	3.1418746666666664	10000000	218	47128120
6	6.86022283039391E-5	3.1413771333333336	10000000	212	47120657
6	1.1437518993717688E-4	3.1412333333333335	10000000	220	47118500
6	2.1437028167807376E-5	3.14166	10000000	182	47124900
6	1.0328511023516171E-4	3.141917133333333	10000000	183	47128757
6	1.0500063746048294E-5	3.1415596666666663	10000000	192	47123395
6	1.5586157843660884E-4	3.1411029999999998	10000000	188	47116545
7-------------------
7	5.266551333578959E-5	3.1414272	10000000	195	54974976
7	2.3074050439596218E-5	3.1416651428571427	10000000	184	54979140
7	1.535242744150895E-4	3.141110342857143	10000000	228	54969431
7	4.497377060910533E-5	3.141733942857143	10000000	197	54980344
7	1.1245320452919404E-4	3.1412393714285716	10000000	185	54971689
7	5.661481787520645E-5	3.141770514285714	10000000	186	54980984
7	1.1594443449894141E-5	3.1415562285714285	10000000	182	54977234
7	5.3249827649768474E-5	3.1417599428571426	10000000	188	54980799
7	4.0515170251779764E-5	3.141465371428571	10000000	196	54975644
7	8.720559906021093E-6	3.141565257142857	10000000	194	54977392
8-------------------
8	5.049872077646335E-5	3.1417513	10000000	194	62835026
8	4.3257170865688734E-5	3.14172855	10000000	187	62834571
8	8.993396951319234E-6	3.1415644	10000000	197	62831288
8	4.0551536833172396E-5	3.14172005	10000000	210	62834401
8	3.840523043476978E-5	3.141472	10000000	200	62829440
8	1.2476604871767556E-5	3.14163185	10000000	202	62832637
8	6.627326097014038E-5	3.14138445	10000000	207	62827689
8	4.593097390963878E-5	3.14173695	10000000	190	62834739
8	3.7195652867271935E-5	3.1414758	10000000	224	62829516
8	1.706026723280459E-5	3.14164625	10000000	193	62832925
9-------------------
9	1.571502165305697E-4	3.1420863555555556	10000000	215	70696943
9	6.549293766203313E-7	3.1415947111111113	10000000	191	70685881
9	1.912272488498294E-5	3.141532577777778	10000000	199	70684483
9	4.518169423389137E-5	3.141450711111111	10000000	211	70682641
9	4.4530927355483876E-5	3.1414527555555556	10000000	249	70682687
9	7.739465471569847E-5	3.141349511111111	10000000	226	70680364
9	6.615603040013837E-5	3.141800488888889	10000000	225	70690511
9	4.5218313442218896E-5	3.141734711111111	10000000	217	70689031
9	6.192604569041898E-5	3.1417872	10000000	236	70690212
9	1.2006730540494638E-5	3.1415549333333335	10000000	205	70684986
10-------------------
10	3.132601856595179E-5	3.14149424	10000000	204	78537356
10	9.910129423470096E-6	3.14156152	10000000	275	78539038
10	6.973026939595808E-6	3.14161456	10000000	249	78540364
10	7.866506483916696E-5	3.1413455200000002	10000000	207	78533638
10	5.6705763557066736E-5	3.1417708	10000000	207	78544270
10	7.341531704261445E-7	3.14159496	10000000	222	78539874
10	3.747650026944333E-6	3.1415808800000002	10000000	201	78539522
10	5.821683775074009E-5	3.14140976	10000000	196	78535244
10	7.220974034743558E-5	3.1413658	10000000	226	78534145
10	2.563463780094211E-5	3.1415121200000002	10000000	246	78537803
11-------------------
11	3.102044107523484E-5	3.1414952	10000000	212	86391118
11	4.952932248672767E-5	3.1417482545454547	10000000	250	86398077
11	5.74343741760019E-5	3.1414122181818183	10000000	205	86388836
11	6.838423426089782E-5	3.1413778181818177	10000000	292	86387890
11	4.3093066940334076E-5	3.1414572727272727	10000000	277	86390075
11	5.9645181021801724E-5	3.141405272727273	10000000	208	86388645
11	5.897444492763533E-5	3.1417779272727273	10000000	269	86398893
11	1.3623358932256106E-5	3.1415498545454543	10000000	311	86392621
11	5.577977116090763E-5	3.141767890909091	10000000	220	86398617
11	8.512154682154074E-5	3.1413252363636364	10000000	223	86386444
12-------------------
12	6.0984011694729594E-5	3.1414010666666665	10000000	253	94242032
12	5.2843603604615904E-5	3.1417586666666666	10000000	208	94252760
12	1.783180145773716E-5	3.141536633333333	10000000	220	94246099
12	3.1294024310042724E-5	3.141690966666667	10000000	208	94250729
12	1.4009797490278294E-5	3.141636666666667	10000000	214	94249100
12	7.807496724938734E-5	3.141837933333333	10000000	208	94255138
12	4.898144365216508E-5	3.141746533333333	10000000	213	94252396
12	4.5453835411143715E-6	3.1416069333333336	10000000	249	94248208
12	3.279008077506121E-5	3.1416956666666667	10000000	207	94250870
12	5.53214418808279E-6	3.141610033333333	10000000	207	94248301
13-------------------
13	5.7224853525162175E-5	3.1417724307692305	10000000	229	102107604
13	5.656937845851341E-7	3.141594430769231	10000000	239	102101819
13	4.816999832784671E-5	3.141441323076923	10000000	231	102096843
13	5.944306537385223E-5	3.1414059076923078	10000000	229	102095692
13	6.544859365339275E-6	3.141572092307692	10000000	240	102101093
13	5.268510163644577E-5	3.1414271384615384	10000000	231	102096382
13	2.7068664615787452E-5	3.1416776923076926	10000000	232	102104525
13	3.63974296141192E-5	3.141478307692308	10000000	234	102098045
13	4.3689337749693076E-5	3.1417299076923078	10000000	231	102106222
13	6.250863443149122E-5	3.141396276923077	10000000	241	102095379
14-------------------
14	2.8701326190059286E-5	3.141502485714286	10000000	308	109952587
14	3.965118627481384E-5	3.141468085714286	10000000	300	109951383
14	4.242729151956178E-5	3.1417259428571427	10000000	237	109960408
14	4.2481858928593136E-5	3.141726114285714	10000000	251	109960414
14	1.809705969626073E-5	3.1415357999999998	10000000	238	109953753
14	4.880258381138051E-5	3.141745971428571	10000000	261	109961109
14	2.8901406690123645E-5	3.141501857142857	10000000	276	109952565
14	5.2640491582039625E-5	3.1417580285714286	10000000	248	109961531
14	2.1542816825219325E-6	3.1415858857142855	10000000	261	109955506
14	4.0390108248068296E-5	3.141719542857143	10000000	239	109960184
15-------------------
15	1.6072445552653076E-5	3.1416431466666666	10000000	278	117811618
15	1.0885781857673478E-4	3.1412506666666666	10000000	295	117796900
15	1.0707862937498777E-5	3.141626293333333	10000000	297	117810986
15	3.586707634151055E-5	3.1417053333333333	10000000	321	117813950
15	2.7803225891524895E-5	3.14168	10000000	269	117813000
15	6.372555758035366E-5	3.1417928533333335	10000000	262	117817232
15	2.691212147745676E-5	3.141508106666667	10000000	273	117806554
15	5.5169387839713504E-5	3.1417659733333334	10000000	265	117816224
15	2.0520458962999296E-5	3.1415281866666667	10000000	265	117807307
15	2.8592634409269262E-5	3.14168248	10000000	275	117813093
16-------------------
16	2.86251591816992E-5	3.141502725	10000000	294	125660109
16	9.935757276442387E-7	3.141595775	10000000	276	125663831
16	1.1768365375072188E-5	3.141629625	10000000	298	125665185
16	3.375790609645882E-5	3.1414866	10000000	273	125659464
16	3.0705477350929544E-6	3.1416023	10000000	295	125664092
16	6.084607741061253E-5	3.1414015	10000000	313	125656060
16	3.8447345423471505E-6	3.141580575	10000000	277	125663223
16	4.612424517460411E-5	3.14144775	10000000	301	125657910
16	2.2577271344209963E-5	3.141521725	10000000	287	125660869
16	2.551935245818329E-5	3.141672825	10000000	272	125666913
